# Created by Octave 4.2.1, Thu Mar 15 11:44:41 2018 GMT <unknown@unknown>
# name: save_theta2
# type: matrix
# rows: 3
# columns: 31
 -0.7728738369936783 -0.007757512342804464 -1.782437872816371 -0.7618278263253341 1.303309381644089 1.63725210905082 0.8811168835561759 -2.001458602128026 -3.251345154057655 0.5374810576378143 4.48284562104015 -1.944521026823117 0.9509315909164124 0.3756788424981796 3.746030717156944 -0.8229936932535743 -2.036474411825611 -1.128993569322456 4.483523495286187 0.9847806042525642 -0.5307911314378889 -1.107223228697109 0.07828299955281418 -0.7045585602838805 1.711661538678292 3.241903073700243 -0.6695861124771919 1.108371297502751 -1.532728132221981 -1.803128100527969 1.557768556204257
 -0.4321802365384242 -1.609025971667276 1.240962026407546 0.06283618780991618 -0.07237366067665314 1.414435023027158 -0.1248350126927272 -0.05717599085471634 0.3524778326602554 0.6578479399379719 -3.33006028178055 1.449128871431907 -0.835609608048951 0.2407271217195253 -4.297375309143325 -0.2462506072816764 1.4153159985602 2.350583056338236 -3.397885852921762 -0.1705552463542569 0.7845871265440396 1.278740396213423 -0.5710033350317187 -0.8517602747065862 -0.01969863452083859 -1.83526716185565 0.6996998019745208 -1.442986009057293 0.8593728937100966 0.1426250482705317 -0.1646923214653452
 0.4035958511510586 0.8093543452213885 0.377465428974622 1.176948406091803 -1.113711345042975 -2.710918256161525 -0.3600005934862784 0.6992943357105498 2.355770834020493 -0.7079140967708759 -1.449402068108565 -0.04207400622678185 -0.09224749055658878 -0.9818796601989737 -1.425583931442371 1.62743902043468 0.612677317973952 -1.461178363173752 -0.9176678387454192 -0.6476950866036808 -0.2652888545987806 -1.326855430222343 -0.6331953392169728 0.1268668384553191 -1.533390396597202 -0.7281070932268862 -0.6346593567907236 1.186858240588364 0.9307539133081841 0.1757342633944318 -1.047722292100818


